1778767084344 39.30646896362305 1
1778767084926 36.09396743774414 2
1778767085496 34.1510009765625 3
1778767086057 31.530302047729492 4
1778767086625 29.714945793151855 5
1778767087185 26.38549041748047 6
1778767087769 24.130513191223145 7
1778767088364 21.166190147399902 8
1778767088953 18.164411544799805 9
1778767089545 15.342172622680664 10
1778767090153 12.583868980407715 11
1778767090740 9.90412712097168 12
1778767091330 6.901081323623657 13
1778767091923 5.122579574584961 14
1778767092508 3.314073920249939 15
1778767093088 2.339380979537964 16
1778767093636 1.981579303741455 17
1778767094193 2.1984440088272095 18
1778767094763 2.5273150205612183 19
1778767095313 2.987600803375244 20
