1778767902486 40.912784576416016 1
1778767903053 37.5192813873291 2
1778767903608 35.077632904052734 3
1778767904192 33.03379249572754 4
1778767904742 29.603464126586914 5
1778767905302 27.579548835754395 6
1778767905854 24.704578399658203 7
1778767906407 22.32274627685547 8
1778767906978 19.86771297454834 9
1778767907541 17.110686779022217 10
1778767908102 14.592554569244385 11
1778767908652 11.912997245788574 12
1778767909214 9.394233703613281 13
1778767909775 7.146125078201294 14
1778767910323 5.0976903438568115 15
1778767910852 3.4277042150497437 16
1778767911403 2.5176594257354736 17
1778767911945 2.0097739696502686 18
1778767912493 2.0026169419288635 19
1778767913054 2.3959381580352783 20
