1778768690613 38.69913864135742 1
1778768691195 35.44251251220703 2
1778768691768 33.14712142944336 3
1778768692319 30.508461952209473 4
1778768692880 28.04994487762451 5
1778768693461 24.72556209564209 6
1778768694137 22.282048225402832 7
1778768694823 19.69340991973877 8
1778768695511 16.49900197982788 9
1778768696169 13.690868854522705 10
1778768696829 10.42587423324585 11
1778768697454 7.677432298660278 12
1778768698075 5.433535575866699 13
1778768698701 3.7187917232513428 14
1778768699331 2.552089810371399 15
1778768699957 2.082862138748169 16
1778768700575 2.0910340547561646 17
1778768701195 2.582856774330139 18
1778768701860 2.9732166528701782 19
1778768702515 3.170563578605652 20
