1778768221593 40.37367630004883 1
1778768222156 37.4039306640625 2
1778768222722 33.281935691833496 3
1778768223272 30.15514850616455 4
1778768223826 26.888917922973633 5
1778768224383 24.407062530517578 6
1778768224940 21.54482364654541 7
1778768225503 18.62632179260254 8
1778768226059 15.620888710021973 9
1778768226620 12.777554988861084 10
1778768227190 9.93903112411499 11
1778768227722 7.422133922576904 12
1778768228270 5.25327205657959 13
1778768228814 3.4333019256591797 14
1778768229361 2.3341142535209656 15
1778768229937 1.9124245047569275 16
1778768230529 2.178462028503418 17
1778768231130 2.6469247341156006 18
1778768231702 2.8140801191329956 19
1778768232286 2.7965617179870605 20
