1778766754895 37.632394790649414 1
1778766755505 34.81761169433594 2
1778766756064 31.033918380737305 3
1778766756635 28.06618022918701 4
1778766757183 24.63162899017334 5
1778766757759 22.421452522277832 6
1778766758355 19.518244743347168 7
1778766758937 16.260211944580078 8
1778766759535 13.291186332702637 9
1778766760142 10.474138259887695 10
1778766760736 7.885808229446411 11
1778766761339 5.363096475601196 12
1778766761927 3.8297319412231445 13
1778766762523 2.4796276092529297 14
1778766763079 2.077901244163513 15
1778766763635 2.342641830444336 16
1778766764198 2.820310354232788 17
1778766764755 2.9888949394226074 18
1778766765301 3.0379979610443115 19
1778766765856 2.69679594039917 20
